0.624655
0.592857
0.559632
0.520955
0.517884
0.538779
0.519728
0.542798
0.51762
0.533705
0.523646
0.523036
0.521612
0.543697
0.518576
0.531807
0.539955
0.512678
0.519328
0.542652
0.52832
0.512539
0.527168
0.518892
0.514602
0.530568
0.534687
0.523508
0.521718
0.514535
0.527922
0.51338
0.516894
0.521639
0.516731
0.524012
0.520149
0.932522
0.566682
0.523984
0.513924
0.546136
0.514519
0.521239
0.521942
0.515787
0.517344
0.515621
0.516579
0.512177
0.511428
0.517756
0.518616
0.536277
0.51762
0.520063
0.516939
0.550434
0.543279
0.522726
0.565387
0.521934
0.570988
0.523916
0.52623
0.575649
0.517291
0.517662
0.519295
0.519233
0.53825
0.520562
0.531643
0.515719
0.523085
0.514228
0.516054
0.530359
0.522353
0.521607
0.515171
0.518756
0.518455
0.51382
0.517103
0.51669
0.514633
0.523975
0.516787
0.515484
0.515354
0.519727
0.519061
0.523162
0.514603
0.518632
0.557975
0.535661
0.518078
0.512646
0.539286
0.549957
0.515516
0.519022
0.509509
0.513207
0.512642
0.528843
0.521445
0.513412
0.523648
0.515614
0.524458
0.523412
0.51768
0.516099
0.513254
0.516398
0.540806
0.512299
0.525849
0.520242
0.581941
0.58402
0.521432
0.524267
0.514257
0.51827
0.523434
0.522765
0.525725
0.516952
0.539745
0.51686
0.597762
0.518628
0.517556
0.57763
0.514964
0.522672
0.516087
0.522009
0.531955
0.521506
0.522189
0.527564
0.51358
0.517003
0.524177
0.513576
0.524754
0.52007
0.520957
0.515766
0.517735
0.51956
0.525739
0.566789
0.528615
0.521212
0.517351
0.52374
0.527269
0.518356
0.516197
0.510725
0.521706
0.527099
0.51998
0.520203
0.521824
0.513277
0.522718
0.515694
0.522213
0.517257
0.520252
0.520815
0.518194
0.521585
0.512882
0.521924
0.556299
0.525562
0.525702
0.526324
0.517894
0.544553
0.527648
0.517388
0.547833
0.520465
0.539435
0.55341
0.521524
0.52483
0.520084
0.518547
0.52346
0.514336
0.515088
0.525711
0.518866
0.518707
0.523923
0.518329
0.52288
0.543952
0.528162
0.528955
0.517651
0.519367
0.519468
0.517935
0.519202
0.515779
0.52088
0.516925
0.519282
0.52085
0.518978
0.521121
0.51619
0.521161
0.518778
0.521139
0.514804
0.515465
0.522256
0.524897
0.524255
0.516645
0.518118
0.516196
0.519754
0.524644
0.520238
0.514861
0.522835
0.5213
0.528493
0.519551
0.513555
0.569358
0.523742
0.522807
0.526291
0.516741
0.510177
0.586346
0.587128
0.514942
0.534881
0.516348
0.51958
0.51364
0.516123
0.51783
0.517744
0.521953
0.525825
0.516109
0.527949
0.522055
0.517271
0.51615
0.516304
0.520127
0.513643
0.525706
0.518396
0.517085
0.515226
0.517201
0.527773
0.515343
0.513919
0.518376
0.515726
0.512583
0.512536
0.520955
0.514863
0.569004
0.522942
0.540679
0.514476
0.522236
0.514902
0.521066
0.517277
0.515607
0.516772
0.515138
0.516114
0.513265
0.519021
0.523425
0.519748
0.516066
0.515413
0.514524
0.529839
0.515863
0.514832
0.517461
0.519072
0.81635
0.513951
0.511643
0.514427
0.536691
0.513795
0.516013
0.738929
0.528561
0.519307
0.517416
0.512379
0.521726
0.512883
0.520905
0.520608
0.663318
0.521532
0.520586
0.521208
0.522609
0.518245
0.512128
0.529483
0.516213
0.51474
0.514022
0.542381
0.514234
0.523742
0.520339
0.520158
0.581388
0.515983
0.520519
0.528726
0.516904
0.518843
0.516437
0.519752
0.51228
0.513385
0.520196
0.516309
0.515869
0.521321
0.533303
0.543089
0.522064
0.519562
0.518678
0.521914
0.517764
0.526232
0.512893
0.512098
0.52188
0.526864
0.519265
0.511383
0.531244
0.531534
0.520667
0.56845
0.520333
0.514531
0.535549
0.517951
0.523875
0.508455
0.51377
0.529064
0.7032
0.516676
0.532366
0.524946
0.520899
0.519435
0.516106
0.545309
0.518104
0.571489
0.523631
0.524042
0.52434
0.514357
0.522515
0.518031
0.514961
0.521602
0.517268
0.557201
0.521263
0.525141
0.515493
0.520455
0.515405
0.515663
0.51695
0.531859
0.510607
0.518208
0.524306
0.522497
0.518758
0.524442
0.538574
0.513977
0.530272
0.513782
0.520426
0.517337
0.518668
0.518746
0.528727
0.932727
0.574243
0.516489
0.552976
0.515532
0.523929
0.518192
0.520343
0.515913
0.515387
0.521317
0.517345
0.517465
0.525372
0.542079
0.516906
0.519686
0.538043
0.519016
0.524093
0.523577
0.518002
0.52131
0.521448
0.520883
0.522546
0.539988
0.564856
0.576315
0.516184
0.515427
0.520373
0.557887
0.528779
0.516746
0.529194
0.515862
0.516758
0.515461
0.518963
0.512442
0.521621
0.517623
0.698624
0.528683
0.598251
0.520915
0.577878
0.517009
0.52446
0.515019
0.522327
0.520752
0.521649
0.519301
0.52177
0.519227
0.521331
0.523446
0.518836
0.514246
0.522414
0.513182
0.524386
0.518394
0.521483
0.515086
0.519194
0.51949
0.516315
0.51803
0.518366
0.518251
0.52255
0.519327
0.514797
0.525939
0.53766
