0.642101
0.553591
0.529543
0.554036
0.526413
0.531608
0.527263
0.527482
0.522031
0.518026
0.527094
0.526871
0.522325
0.524968
0.522494
0.51931
0.523513
0.526611
0.526371
0.539304
0.522763
0.521084
0.523414
0.516938
0.516007
0.52702
0.534474
0.526516
0.515419
0.516838
0.523843
0.522622
0.516998
0.519293
0.517799
0.519173
0.53381
0.569429
0.556564
0.518812
0.518673
0.533974
0.513815
0.518365
0.521919
0.522603
0.521101
0.520459
0.521191
0.516946
0.514303
0.519836
0.514892
0.523035
0.519698
0.514832
0.5202
0.526556
0.522856
0.526593
0.524721
0.519216
0.532121
0.52765
0.519935
0.521478
0.520233
0.538277
0.521138
0.51892
0.551147
0.540178
0.525001
0.529521
0.534763
0.531197
0.544856
0.550663
0.54055
0.558667
0.54187
0.530248
0.52016
0.520626
0.520563
0.517135
0.515437
0.527355
0.528333
0.523923
0.520809
0.516626
0.519903
0.524155
0.572726
0.656613
0.584423
0.642535
0.575299
0.522365
0.536919
0.568367
0.531938
0.52378
0.543135
0.526927
0.51956
0.532014
0.59167
0.603147
0.543775
0.543221
0.524701
0.523945
0.633771
0.703131
0.64661
0.544725
0.520985
0.536322
0.552999
0.531758
0.551543
0.568886
0.605247
0.535779
0.529698
0.529273
0.55615
0.534936
0.518312
0.526391
0.571301
0.529054
0.534797
0.537854
0.542111
0.527137
0.530035
0.526336
0.520489
0.522447
0.525456
0.526015
0.523804
0.518
0.522026
0.526811
0.528844
0.523193
0.530985
0.522561
0.520036
0.528273
0.52184
0.530365
0.542708
0.533507
0.520672
0.518483
0.526861
0.52921
0.537735
0.526154
0.524611
0.528743
0.525403
0.531719
0.521202
0.522649
0.521572
0.530346
0.520381
0.517128
0.517573
0.521744
0.526086
0.529476
0.517409
0.5228
0.538566
0.590896
0.60848
0.557386
0.575064
0.540697
0.519816
0.526297
0.530287
0.523325
0.524665
0.528804
0.519752
0.530603
0.520687
0.514301
0.548508
0.522104
0.519444
0.520698
0.520111
0.517721
0.519661
0.521497
0.531705
0.519132
0.522698
0.521645
0.513543
0.524775
0.51404
0.519712
0.517729
0.518883
0.524579
0.519438
0.521722
0.517827
0.519405
0.515627
0.592373
0.543663
0.514271
0.519903
0.515603
0.522918
0.519108
0.523611
0.518406
0.517293
0.520255
0.516221
0.508838
0.515321
0.522641
0.515356
0.516078
0.51601
0.520174
0.520307
0.520957
0.530789
0.518387
0.521969
0.520232
0.523769
0.532538
0.521804
0.517811
0.541699
0.533064
0.515391
0.521967
0.518599
0.517664
0.523737
0.514583
0.523238
0.51655
0.522487
0.520052
0.521609
0.527487
0.518732
0.516604
0.520658
0.521744
0.521753
0.519601
0.525512
0.515772
0.514039
0.519273
0.520487
0.520036
0.518629
0.528472
0.519523
0.519798
0.514955
0.520434
0.514018
0.517673
0.534844
0.528081
0.523275
0.517166
0.516833
0.520421
0.512762
0.523081
0.525052
0.521562
0.516194
0.517309
0.519268
0.523875
0.516634
0.514489
0.522037
0.51232
0.515756
0.518443
0.521388
0.51356
0.517588
0.516206
0.541438
0.521342
0.516098
0.519129
0.529835
0.523131
0.522156
0.532264
0.542809
0.513607
0.513298
0.515993
0.516004
0.517811
0.518475
0.520647
0.537249
0.514181
0.521304
0.514172
0.522962
0.521932
0.521876
0.510446
0.521754
0.518785
0.525649
0.535047
0.513848
0.522664
0.523433
0.522006
0.52915
0.524556
0.532258
0.523846
0.521222
0.517212
0.513881
0.516122
0.519688
0.520642
0.517803
0.519627
0.518243
0.526831
0.524797
0.517337
0.520155
0.521439
0.516981
0.512965
0.522792
0.519072
0.519771
0.524272
0.513021
0.522689
0.51146
0.516344
0.521591
0.525957
0.514615
0.530139
0.517582
0.518187
0.527905
0.514327
0.518126
0.515585
0.521962
0.531525
0.578672
0.57113
0.580924
0.563586
0.540029
0.517106
0.515589
0.541869
0.516059
0.53288
0.524504
0.51808
0.512558
0.51802
0.519283
0.522456
0.513408
0.523337
0.523787
0.52337
0.517304
0.521596
0.522002
0.523352
0.516447
0.517423
0.522023
0.529182
0.513976
0.516863
0.533589
0.528695
0.521064
0.519152
0.527426
0.511626
0.527692
0.521579
0.511762
0.517168
0.514025
0.518535
0.519967
0.556949
0.553233
0.51923
0.52488
0.517377
0.520139
0.520664
0.511729
0.528832
0.520705
0.51876
0.521959
0.534954
0.520855
0.525703
0.51965
0.523457
0.526269
0.524813
0.526279
0.512953
0.522073
0.512274
0.516222
0.521168
0.512519
0.521827
0.537536
0.536541
0.513932
0.518624
0.518914
0.525375
0.5208
0.529001
0.520865
0.517741
0.523319
0.518328
0.51398
0.520631
0.51721
0.51754
0.547421
0.526456
0.540017
0.520023
0.529213
0.513127
0.520364
0.518946
0.523973
0.515978
0.520488
0.517618
0.518937
0.513549
0.516479
0.51414
0.540395
0.519423
0.515223
0.517262
0.521105
0.515194
0.516525
0.521796
0.512301
0.516314
0.515508
0.517597
0.520959
0.521119
0.520798
0.520388
0.54451
0.515989
0.543075
