1.50865	1.39991	1.28464	1	1	
3.9521	3.85767	2.59906	2.30871	2.18364	
2.02526	1.97939	1.96505	1.6255	1.59121	
2.23078	2.04287	1.73893	1.69361	1.68063	
1.75009	1.54909	1.12327	1	1	
2.38453	2.3063	2.0973	2.05637	2.0408	
1.5629	1.5111	1.4556	1.40679	1.39868	
2.46098	2.34342	2.12147	1.99287	1.84577	
1.52204	1.36013	1.20953	1.19853	1.15862	
2.26651	1.99565	1.38147	1	1	
0.15	0.15	0.15	
3.21996	2.60541	2.42144	1.91831	1.90254	
1.89706	1.72806	1.35879	1	1	
3.06662	2.98229	2.77897	2.4856	2.43822	
1	1	1	1	
1	1	1	1	
4.13927	3.09513	2.73047	2.17088	1.92349	
1.66869	1.13765	1	1	0.811419	
1.88979	1.60723	1.5413	1.04757	1.04757	
2.19059	2.15875	2.04345	1.95792	1.95052	
2.18969	2.05392	1.63593	1.56804	1.35385	
1.52764	1.30035	0.699652	0.472362	0.15	
2.15107	2.04871	1.94305	1.92816	1.69761	
1.4076	1.36944	1	1	0.86049	
1.69332	1.40098	1.16387	1	1	
3.00017	2.05809	2.05207	1.92656	1.67645	
3.83348	2.99188	2.15575	1.94439	1.79107	
1	1	0.15	
1	1	0.15	
1.4595	1.02387	0.516631	0.15	
1	1	0.15	
1	1	0.15	0.15	0.15	
1.3514	1.23526	1.11262	0.300725	0.15	
1.4595	1.16191	1	1	0.378585	
1.4595	1.16186	1	1	0.378637	
1.84747	1.50295	1	1	0.761496	
1.4595	1.16182	1	1	0.378677	
3.32808	3.08028	2.95392	2.95001	2.71748	
2.85731	2.83294	2.58682	2.43149	2.20827	
1.78795	1.74237	1.27288	0.502011	0.421182	
1.6456	1.34511	1.24583	1.08888	0.892898	
3.50149	2.84382	2.47876	2.34959	2.30274	
1.72039	1.64611	1.34521	0.543711	0.459991	
1.58624	1.49606	1	1	0.992775	
1.59856	1.5015	1	1	0.957211	
1.58475	1.35681	1	1	0.799487	
1.60087	1.35816	1	1	0.822844	
1	1	1	1	
1.77344	1.51278	1.37469	1.37286	1.3583	
1.91366	1.21796	0.929875	0.545747	0.392759	
1.518	1.41138	0.588621	0.481998	
1.97088	1.66906	1.37594	1.26095	1.18119	
1	1	0.15	0.15	
2.46919	2.34886	2.2589	2.06706	1.8987	
2.1366	1.77008	1	1	0.817769	
0.15	0.15	0.15	0.15	0.15	
1	1	1	1	
1.49984	1.22565	1.03053	1	1	
2.36816	2.00061	1.62604	1.55636	1.54074	
3.055	2.04562	1.84835	1.6948	1.68004	
2.99869	2.77182	2.6593	2.62474	2.21516	
1.99631	1.90144	1.81969	1.62796	1.56592	
2.99869	2.77182	2.6593	2.62474	2.21516	
1.98596	1.76298	1.57433	1.55859	1.54685	
2.36852	2.09782	1.93655	1.93046	1.73782	
2.61841	2.49378	2.40986	2.14058	2.13738	
1.4595	1.18611	1	1	0.35439	
1.74034	1.06259	1.04032	1	1	
1.64099	1.39558	1.13408	1	1	
1.97012	1.34274	0.968752	0.730512	0.504862	
2.72548	2.17289	2.0901	1.94962	1.88671	
2.84056	2.36919	2.15126	2.07239	1.84413	
1.69049	1.51786	1	1	0.772846	
2.02849	2.02218	1.43387	1	1	
1	1	0.15	
1.57689	1.15979	0.840215	0.423105	0.15	
1.66891	1.19085	1	1	0.875825	
2.26838	2.14567	2.0989	1.65594	1.59085	
1.54162	1.48047	1.43653	1.31596	1.05828	
2.77357	1.15976	1	1	0.835898	
2.77158	1.16008	1	1	0.834685	
1.42506	1.21093	1.06628	1	1	
1.8524	1.78238	0.897274	0.828557	0.382602	
1.59473	1.18177	1.08791	1	1	
1.24526	1.12553	1	1	0.874469	
1	1	
1.60867	1.40948	1.17165	1	1	
2.12575	2.09273	1.82714	1.76001	1.53144	
1.88369	1.76282	1.65357	1.4948	1.30698	
1.69332	1.59602	1.54309	1.52447	1.46943	
0.15	0.15	0.15	
1.4595	1.04869	0.491807	0.15	0.15	
1.91896	1.43303	1	1	0.329392	
1	
1	
1	
3.16742	2.68516	2.44831	2.17653	2.1551	
2.80883	2.24467	2.20878	2.17104	2.16945	
1.38353	1.14857	1.12426	0.343647	0.15	
1	1	0.15	0.15	0.15	
2.47544	2.47435	2.2191	2.17102	1.86237	
3.24864	3.18805	2.4503	2.21346	2.21245	
3.00649	1.64699	1.52702	1.47991	1.33406	
1.4595	1	1	1	1	
1.62954	1.2291	1	1	0.851601	
0.15	0.15	
1.2888	1.18298	1.05791	1	1	
2.68897	2.00379	1.9179	1.85666	1.8465	
1.85152	1.68205	1	1	0.762204	
1.84434	1.68567	1	1	0.763546	
2.0344	1.84926	1.65807	1.55224	1.43774	
1.65367	1.17245	0.606609	0.567278	0.15	
2.37915	2.20806	2.01389	1.83527	1.4765	
2.84378	1.7643	1.53687	1.50422	1.48128	
1.32742	1.04932	1	1	0.623264	
2.2022	1.42065	1.37532	1.2539	1.0734	
1	1	0.15	0.15	0.15	
1.7253	1.35099	1	1	0.754312	
2.30918	2.29024	1.90941	1.81302	1.72068	
1	1	0.15	0.15	
2.66997	2.63889	2.58297	2.2083	1.89524	
2.15861	1.81615	1.67674	1.59201	1.35202	
2.59012	2.52529	2.46859	2.39066	2.38006	
2.58606	2.56383	2.49317	2.42415	2.39917	
2.88242	2.10461	1.68076	1.34402	1.23046	
1.78247	1.41712	1	1	0.744835	
2.32292	1.50002	1.35994	1.34159	1.17599	
1.68718	1.51301	1	1	0.89005	
1.48088	1.32599	1.2823	1	1	
1	1	1	1	0.15	
1	1	1	1	0.15	
1.35932	1.10329	1.09918	1.09856	1.06981	
1.21506	1.19846	1.14052	1.02047	1.01996	
1.74151	1.50451	1.3652	1.30959	1.27402	
2.63253	2.52139	2.36423	2.23839	2.19216	
1.42474	1.04141	0.958593	0.575256	0.15	
1.4595	1	1	0.942737	0.59776	
1.4595	1	1	0.846196	0.694301	
1.4595	1	1	0.846196	0.694301	
0.15	0.15	0.15	0.15	
0.15	0.15	0.15	0.15	
1.92371	1.8259	1.80942	1.80332	1.72433	
2.76985	2.44908	2.2979	1.92017	1.6308	
2.24485	2.09432	1.97685	1.73354	1.5808	
2.24485	2.09432	1.97685	1.73354	1.5808	
1.5043	1.45994	1.40741	1.37015	1.2474	
1.99102	1.70363	1.38329	1	1	
1.90922	1.8483	1.81359	1.71405	1.62359	
2.03808	1.58589	1.4044	1	1	
1.68718	1.51301	1	1	0.89005	
2.56426	2.45789	2.2968	1.83014	1.76856	
1.44571	1.25934	1.20018	0.667721	0.427054	
1.96125	1.38128	1.10552	1	1	
1	
2.10673	1.97652	1.65782	1.63882	1.58151	
0.15	0.15	
2.70493	1.57293	1.32518	1.21805	1.21614	
2.67813	2.6662	2.54203	2.50987	2.3362	
1.51135	1.20483	1	1	0.952673	
1	1	0.15	0.15	0.15	
1.29744	1.20163	1	1	0.500928	
2.5945	2.15943	1.9451	1.50284	1.34529	
3.0883	2.67539	2.51983	1.88494	1.74293	
1.54595	1.46746	1.27467	1.06309	1.02526	
1.8496	1.16832	1.1615	1.11504	1	
1.50148	1.47634	1.40439	1.367	1.24395	
1.90082	0.942004	0.932135	0.855533	0.369511	
1.9437	1.85654	1.77016	1.61943	1.32037	
2.04141	1.49528	1.02536	0.934627	0.77425	
2.03291	1.50681	1.12811	0.917039	0.765947	
2.22057	1.78442	1.40322	1.33976	1.29218	
1.4595	1.18611	1	1	0.35439	
2.28781	2.26766	1.93741	1.9109	1.70136	
1.34617	1.18944	1.02643	0.437957	0.15	
1.27561	1.25189	1.01799	1	1	
1.24597	1.24297	1.04014	1	1	
1.64505	1.39564	1.13106	1	1	
2.02475	1.77725	0.56972	0.318407	0.309875	
1.56048	1.41579	1	1	0.913242	
1.95714	1.84651	1.03583	0.546631	0.314359	
1.53227	1.28214	1	1	0.839827	
2.02342	1.77815	0.569642	0.319189	0.309603	
2.02475	1.77725	0.56972	0.318407	0.309875	
0.15	0.15	0.15	0.15	0.15	
1.40536	1.16607	1	1	0.95174	
1.47901	1.29055	1	1	0.906323	
1.40536	1.16607	1	1	0.95174	
1.33777	1.16934	1.04359	1	1	
1.49199	1.29047	1	1	0.926579	
1.22627	1.22627	1.08836	0.459104	0.15	
2.75765	2.30543	2.29077	2.0115	1.7709	
2.67379	2.39585	1.99948	1.82648	1.82504	
1.96995	1.75544	1.68464	1.59856	1.57747	
3.03103	2.69912	1.89987	1.83795	1.76464	
1.73467	1.26626	1	1	0.523835	
1.66191	1.203	1.03979	1	1	
1.4659	1.18396	1	1	0.850552	
1.4595	0.772328	0.768169	0.15	
2.37848	1.95032	1.89419	1.50589	1.49746	
1.4595	1	1	0.992557	0.54794	
3.00649	1.64699	1.52702	1.47991	1.33406	
1.4595	1	1	1	1	
1.62954	1.2291	1	1	0.851601	
1.66891	1.19085	1	1	0.875825	
2.26838	2.14567	2.0989	1.65594	1.59085	
1.90922	1.8483	1.81359	1.71405	1.62359	
1.9437	1.85654	1.77016	1.61943	1.32037	
2.37915	2.20806	2.01389	1.83527	1.4765	
2.03808	1.58589	1.4044	1	1	
2.84378	1.7643	1.53687	1.50422	1.48128	
1.59473	1.18177	1.08791	1	1	
1	1	
2.32292	1.50002	1.35994	1.34159	1.17599	
1.52204	1.36013	1.20953	1.19853	1.15862	
1.94651	1.08131	1	1	0.955994	
1.5043	1.45994	1.40741	1.37015	1.2474	
1.8496	1.16832	1.1615	1.11504	1	
1.99102	1.70363	1.38329	1	1	
1.85152	1.68205	1	1	0.762204	
1.84434	1.68567	1	1	0.763546	
2.03291	1.50681	1.12811	0.917039	0.765947	
2.0344	1.84926	1.65807	1.55224	1.43774	
2.04141	1.49528	1.02536	0.934627	0.77425	
2.77357	1.15976	1	1	0.835898	
2.77158	1.16008	1	1	0.834685	
1.8524	1.78238	0.897274	0.828557	0.382602	
1.24526	1.12553	1	1	0.874469	
1	1	0.15	0.15	0.15	
2.26651	1.99565	1.38147	1	1	
1.79249	1.39273	1.10872	1	1	
2.38453	2.3063	2.0973	2.05637	2.0408	
1.47901	1.29055	1	1	0.906323	
1.40536	1.16607	1	1	0.95174	
1.33777	1.16934	1.04359	1	1	
1.49199	1.29047	1	1	0.926579	
1.40536	1.16607	1	1	0.95174	
1.73467	1.26626	1	1	0.523835	
1.66191	1.203	1.03979	1	1	
2.37848	1.95032	1.89419	1.50589	1.49746	
1.57746	1.56614	1	1	0.821537	
1.4595	1	1	0.846196	0.694301	
1.4595	1	1	0.992557	0.54794	
1.47874	1.41329	1.37861	1	1	
2.67813	2.6662	2.54203	2.50987	2.3362	
1.92371	1.8259	1.80942	1.80332	1.72433	
2.76985	2.44908	2.2979	1.92017	1.6308	
2.24485	2.09432	1.97685	1.73354	1.5808	
2.15861	1.81615	1.67674	1.59201	1.35202	
1.50148	1.47634	1.40439	1.367	1.24395	
2.59012	2.52529	2.46859	2.39066	2.38006	
2.58606	2.56383	2.49317	2.42415	2.39917	
0.15	0.15	
2.68897	2.00379	1.9179	1.85666	1.8465	
2.22057	1.78442	1.40322	1.33976	1.29218	
1.68718	1.51301	1	1	0.89005	
1.48088	1.32599	1.2823	1	1	
1.68718	1.51301	1	1	0.89005	
1	1	1	1	0.15	
1	1	1	1	0.15	
1.7253	1.35099	1	1	0.754312	
1.61864	1.4913	1	1	0.920396	
1.66869	1.13765	1	1	0.811419	
2.67379	2.39585	1.99948	1.82648	1.82504	
1.96995	1.75544	1.68464	1.59856	1.57747	
1.33795	1.31025	0.351805	0.15	0.15	
1.4659	1.18396	1	1	0.850552	
1.34617	1.18944	1.02643	0.437957	0.15	
1.74151	1.50451	1.3652	1.30959	1.27402	
1.64505	1.39564	1.13106	1	1	
1.27561	1.25189	1.01799	1	1	
1.24597	1.24297	1.04014	1	1	
2.02475	1.77725	0.56972	0.318407	0.309875	
2.02475	1.77725	0.56972	0.318407	0.309875	
2.26809	2.26224	1.95047	1.60621	1.37061	
2.21149	2.16212	2.08507	1.92826	1.90773	
1.75645	1.40836	1.28769	1	1	
1.71747	1.60704	1.47002	1.42764	1.24652	
0.15	0.15	0.15	
1	1	0.15	0.15	
1	1	0.15	
1.61944	1.55405	1.54528	0.894206	0.669613	
1.90006	1.70058	1	1	1	
1	1	0.15	0.15	
2.63231	2.4074	2.25729	2.144	1.78474	
1.61657	1.48363	1.28733	1	1	
2.48881	2.20699	2.17549	2.06464	2.00924	
1.198	1.14002	1	1	0.661983	
1.9403	1.68828	1.49371	1.42801	1.34441	
1	1	0.15	0.15	0.15	
1	1	0.15	0.15	0.15	
1	1	0.15	
1.99591	1.34575	1.20511	1	1	
1.53753	1.21854	0.781458	0.46247	0.15	
1.72661	1.36716	1	1	0.822318	
1.66323	1.54212	1.44685	1.437	1.37688	
1.82764	1.18126	1.13575	1.05967	1	
1.63676	1.6234	1.45674	1.40227	1.20044	
2.01066	1.99812	1.615	1.37352	1.3248	
0.15	0.15	0.15	0.15	0.15	
2.27937	1.82276	1.75671	1.06969	1.06616	
1	1	1	1	0.15	
2.38089	1.34138	1.07558	1	1	
2.61498	2.26438	1.8956	1.73662	1.66581	
2.13388	1.27861	1	1	0.982354	
1.64354	1.59467	1	1	0.987753	
1.23511	1.22232	1	1	0.542571	
1.99801	1.79807	0.779315	0.636422	0.505067	
3.49453	3.419	2.87834	2.54525	2.27082	
1.4941	1.38138	1.37552	1.31395	1.15124	
2.19889	2.03952	1.53695	1	1	
2.08372	1.84197	1.74861	1	1	
2.00973	1.9309	1.92837	1.9022	1.79961	
1.85297	1.46221	1	1	0.979788	
1.66471	1.15667	1.14418	1.05396	0.864804	
2.23048	2.16354	2.12331	2.12084	2.09744	
2.62155	2.25535	2.20908	2.19112	1.75584	
1.60574	1.22941	1.03052	1	1	
1	1	0.15	0.15	
1.72661	1.36716	1	1	0.822318	
1.78741	1.61175	1.25038	1	1	
1.13992	1.09569	1	1	0.764382	
2.18634	2.17347	1.69211	1.16466	1.10956	
1	
2.92384	2.76287	2.62856	2.5497	2.45276	
2.02235	1.36166	1.21108	1	1	
0.15	0.15	0.15	0.15	0.15	
1.40027	1.25712	1.12525	0.940232	0.277119	
1.9843	1.73637	1.71218	1.56096	1.54206	
0.15	0.15	
2.01114	1.56853	1.0824	1	1	
1.94629	1.76	1.56475	1	1	
2.19152	1.97569	1.92418	1.15122	1.10455	
1.93269	1.43838	1.08394	1	1	
1.92949	1.43679	1.09117	1	1	
2.60348	2.09538	2.00545	1.9567	1.91598	
1.95849	1.4589	1	1	0.95693	
2.6567	2.48978	1.57959	1.53513	1.46616	
1.90935	1.88942	1.78148	1.662	1.5726	
1.98694	1.74116	1	1	0.979519	
3.42604	2.21967	2.15499	1.90028	1.88094	
1.4842	1.40836	0.603044	0.504395	0.15	
2.30152	2.20303	1.89138	1.82862	1.74157	
2.48946	2.41532	2.07276	1.86593	1.8163	
1.89799	1.64813	1.40037	1.34859	1.33953	
1.59872	1.22243	1.16459	1.11099	0.829377	
1	1	0.15	0.15	
1.64934	1.63526	1	1	0.788077	
1.46913	1.245	1.16923	1.12029	1.00504	
1	1	0.15	0.15	
1	
1.72599	1.37704	1.20081	1	1	
1.68948	1.12549	1.0218	1	1	
2.02791	1.5752	1.01638	1	1	
1.77896	1.2586	1.13134	1	1	
1.77092	1.25408	1.12736	1	1	
1.89637	1.23008	1	1	0.905974	
2.55655	2.1407	1.89315	1.38079	1.28816	
1	1	0.15	
1	1	
2.2592	1.97258	1.9482	1.88815	1.85659	
1	1	0.15	
1.19865	1.07847	1	1	0.722873	
1.19865	1.07847	1	1	0.722873	
2.21922	1.71467	1.60973	1.52385	1.46545	
2.55999	1.89087	1.83873	1.46481	1.41778	
1.96881	1.16726	1	1	0.884656	
1.96881	1.16726	1	1	0.884656	
1.68948	1.12549	1.0218	1	1	
2.30877	1.97949	1.9282	1.89393	1.83688	
2.18684	1.13273	1.11735	1	1	
2.96331	2.61744	2.39492	2.00394	1.98988	
1	1	0.15	0.15	
0.15	0.15	0.15	0.15	0.15	
2.72432	2.57711	2.47889	2.45245	2.15394	
1.96132	1.39869	1.06525	1	1	
2.17844	1.48906	1	1	0.941822	
0.15	0.15	0.15	
1.97088	1.66906	1.37594	1.26095	1.18119	
3.21996	2.60541	2.42144	1.91831	1.90254	
3.4452	3.34297	3.30804	2.72867	2.64535	
1.89706	1.72806	1.35879	1	1	
3.06662	2.98229	2.77897	2.4856	2.43822	
1	1	1	1	
1.99313	1.0049	1	1	0.981595	
1.9161	1.05426	1	1	0.980571	
1.90531	1.06209	1	1	0.969788	
2.19059	2.15875	2.04345	1.95792	1.95052	
2.18969	2.05392	1.63593	1.56804	1.35385	
2.61841	2.49378	2.40986	2.14058	2.13738	
1.98596	1.76298	1.57433	1.55859	1.54685	
2.36852	2.09782	1.93655	1.93046	1.73782	
1.91933	1.70342	1	1	0.61319	
2.07605	1.65628	1	1	0.651009	
2.15107	2.04871	1.94305	1.92816	1.69761	
2.70981	1.74555	1.73195	1.62014	1.40719	
1.4076	1.36944	1	1	0.86049	
1	1	1	1	
1.49984	1.22565	1.03053	1	1	
2.94241	2.24693	2.06488	2.04195	1.97271	
1	1	0.15	
1.61353	1.55347	1.45637	1.3874	1.38303	
1.52764	1.30035	0.699652	0.472362	0.15	
1.99313	1.0049	1	1	0.981595	
1.90531	1.06209	1	1	0.969788	
1.99313	1.0049	1	1	0.981595	
2.13491	1.23506	1	1	0.786757	
1.89257	1.78849	1.757	1.72475	1.69257	
1	1	1	1	
1.53856	1.46992	1	1	0.972285	
1.88979	1.60723	1.5413	1.04757	1.04757	
1.99321	1.67686	1.56544	1.44762	1.05022	
1.4595	1.10659	1	1	0.433911	
1.92021	1.78006	1.71661	1.65385	1.64613	
4.13927	3.09513	2.73047	2.17088	1.92349	
1.69332	1.40098	1.16387	1	1	
3.83348	2.99188	2.15575	1.94439	1.79107	
1	1	0.15	
1	1	0.15	
1.4595	1.02387	0.516631	0.15	
1	1	0.15	
1.3514	1.23526	1.11262	0.300725	0.15	
1.78795	1.74237	1.27288	0.502011	0.421182	
3.32808	3.08028	2.95392	2.95001	2.71748	
2.85731	2.83294	2.58682	2.43149	2.20827	
1.6456	1.34511	1.24583	1.08888	0.892898	
3.50149	2.84382	2.47876	2.34959	2.30274	
1.72039	1.64611	1.34521	0.543711	0.459991	
1.60087	1.35816	1	1	0.822844	
1.58475	1.35681	1	1	0.799487	
1.59856	1.5015	1	1	0.957211	
1.58624	1.49606	1	1	0.992775	
1	1	1	1	
1.77344	1.51278	1.37469	1.37286	1.3583	
1.91366	1.21796	0.929875	0.545747	0.392759	
1.518	1.41138	0.588621	0.481998	
1	1	0.15	0.15	
2.46919	2.34886	2.2589	2.06706	1.8987	
2.1366	1.77008	1	1	0.817769	
0.15	0.15	0.15	0.15	0.15	
3.055	2.04562	1.84835	1.6948	1.68004	
1.99631	1.90144	1.81969	1.62796	1.56592	
3.00017	2.05809	2.05207	1.92656	1.67645	
1	1	0.15	0.15	0.15	
1.4595	1.16186	1	1	0.378637	
1.84747	1.50295	1	1	0.761496	
1.4595	1.16191	1	1	0.378585	
1.4595	1.16182	1	1	0.378677	
1.97088	1.66906	1.37594	1.26095	1.18119	
2.36816	2.00061	1.62604	1.55636	1.54074	
2.99869	2.77182	2.6593	2.62474	2.21516	
2.99869	2.77182	2.6593	2.62474	2.21516	
1.91073	1.49119	1.23078	1	1	
1.907	1.49017	1.24212	1	1	
1.94698	1.73204	1.18461	1	1	
2.67908	2.32654	2.24505	2.13	2.03225	
1.63779	1.35312	1.24062	1	1	
1.83716	1.14954	1.14084	1	1	
1.81094	1.64158	1.18566	1.13276	1	
2.14403	1.28328	1	1	0.990015	
1.81477	1.15403	1.11585	1.02767	1	
2.19566	1.28478	1.23782	0.796447	0.322045	
1.24711	1.22861	1	1	0.524277	
1.23511	1.22232	1	1	0.542571	
2.54795	1.79269	1.5982	1.41745	1.29541	
2.19901	1.90439	1	1	0.951137	
2.92702	2.76418	2.67927	2.49397	2.4346	
2.24517	1.59175	1.50631	1.36923	1.35733	
4.52985	2.35031	2.31691	2.23223	2.04421	
1.61284	1.19516	1	1	0.751143	
2.48364	2.39948	2.183	2.17082	1.73343	
1.79713	1.043	1	1	0.693491	
2.37566	1.8028	1.76474	1.67956	1.46903	
1.75017	1.69466	1.67948	1.4664	1.16578	
1.28357	1.24908	1.16372	1.07868	1.03316	
1	1	
2.12104	1.29155	1.20611	1	1	
2.39957	1.7338	1.72465	1.66812	1.46605	
1.35599	1.34667	1	1	0.297332	
1.41154	1.09476	0.764755	0.728949	
1.85162	1.32233	1.16351	1	1	
2.65838	2.52644	2.50976	1.99441	1.64984	
3.17291	2.60299	1.91409	1.22153	1.12814	
1.77978	1.7757	1.45241	1.00782	0.841715	
1.4595	1	1	0.781397	0.7591	
1.83477	1.73771	0.88215	0.808865	0.808865	
1.91896	1	1	1	1	
1.44699	1.28962	1.0124	1	1	
1.58245	1.08712	1	1	0.877074	
1.78705	1.6062	1	1	0.672471	
1.78324	1.60865	1	1	0.676278	
1.9302	1.2416	1	1	0.924469	
1.56415	1.46311	1.43418	1.35565	1	
2.08609	1.00201	1	1	0.93507	
1	1	1	1	
1	1	0.15	
1	1	0.15	0.15	0.15	
1.4595	1.10968	1	1	0.430818	
1.91896	1.21954	1	1	0.449324	
1.35932	1.10329	1.09918	1.09856	1.06981	
1.21506	1.19846	1.14052	1.02047	1.01996	
