2.15412
 1.86656
 1.5522
 1.4788
 1.47709
13.4096
 8.64536
 7.89386
 4.14321
 4.05852
3.5833
 2.47028
 2.25809
 2.19872
 2.19556
5.33016
 3.11076
 3.02554
 2.4463
 2.42335
1.92535
 1.84808
 1.52067
 1.15192
 1.12647
8.60754
 6.90738
 5.07132
 3.66688
 3.32226
5.71713
 4.21574
 3.84431
 3.37991
 3.34725
8.3492
 6.21653
 5.39615
 4.60998
 3.31043
3.73191
 2.25981
 2.02835
 1.95382
 1.85043
2.3502
 2.16893
 2.1653
 1.69395
 1.2587
1.14073
 1.14073
 1.09733
 1.09733
 1.06806
5.06431
 3.70003
 3.07269
 2.98981
 2.93848
2.7147
 1.58703
 1.56903
 1.5612
 1.35078
6.59996
 6.33807
 5.08381
 3.77151
 2.60447
1.62812
 1.59741
 1.24456
 1.14267
 0.933646
1.4545
 1.44376
 1.41877
 1.40731
 1.01264
7.18468
 4.68898
 4.50652
 3.60802
 3.24432
2.74937
 2.41563
 0.957062
 0.95216
 0.935485
3.12536
 1.96346
 1.91319
 1.40716
 1.35409
12.4686
 12.3858
 4.2564
 3.96165
 3.47476
2.75983
 2.72591
 2.58047
 2.4182
 2.35612
1.58701
 1.57659
 1.49178
 1.21959
 0.946699
2.91043
 2.56055
 2.49048
 2.32824
 2.26344
1.91629
 1.88054
 1.41228
 1.36154
 1.34452
2.37079
 1.76318
 1.69232
 1.65637
 0.935905
5.32771
 5.12711
 3.64829
 3.12848
 3.08595
4.99908
 3.77173
 3.5837
 3.18933
 3.07183
1.16921
 1.16921
 1.1342
 1.1342
 1.11806
1.75283
 1.12953
 1.11643
 1.08285
 1.0654
1.75758
 1.32695
 1.12551
 1.11508
 1.07798
2.21511
 1.78974
 0.96779
 0.967426
 0.964734
1.68643
 1.64327
 1.62048
 1.1041
 1.0496
2.17659
 2.04474
 1.57672
 1.51895
 1.12494
2.19807
 1.50047
 1.47142
 1.03281
 0.864983
1.96358
 1.95511
 1.37431
 0.967897
 0.766824
2.14093
 1.47407
 1.44714
 1.02063
 0.812473
1.96358
 1.95511
 1.37431
 0.967897
 0.766824
8.57513
 5.35223
 5.12656
 4.97895
 4.80021
10.7463
 4.88722
 4.5439
 3.76098
 3.6701
1.82523
 1.74585
 1.69486
 1.66983
 1.25383
2.03013
 1.55418
 1.50128
 1.49355
 1.13628
11.0513
 10.123
 4.6703
 4.2694
 3.61873
1.62051
 1.56159
 1.53921
 1.52742
 1.16617
1.78503
 1.6505
 1.64346
 1.6251
 1.25833
1.77073
 1.68523
 1.68284
 1.67209
 1.26172
1.81856
 1.81613
 1.79638
 1.22254
 0.985072
1.97434
 1.96741
 1.9145
 1.30283
 1.0212
1.4525
 1.43371
 1.36975
 1.36722
 1.35091
4.51103
 3.94931
 2.15808
 2.09016
 1.9146
2.20412
 2.11573
 1.56565
 1.46143
 1.39816
2.13968
 2.05908
 1.97227
 1.49848
 1.40811
2.70567
 2.08062
 1.95045
 1.52116
 1.5199
1.69443
 1.68667
 1.09205
 1.03613
 1.0251
4.0489
 4.00031
 3.62161
 3.55133
 3.0102
2.24063
 2.07865
 1.69748
 1.67828
 1.23544
1.06992
 1.06992
 1.05443
 1.05443
 1.04492
1.79596
 0.971049
 0.962169
 0.959378
 0.959376
1.66873
 1.66164
 1.3275
 1.25589
 1.22065
6.00002
 5.34912
 3.34486
 2.8196
 2.71965
4.65473
 3.89371
 3.74303
 3.45367
 3.32488
15.6251
 6.19447
 6.10514
 4.48139
 3.64666
4.28464
 3.21978
 2.63442
 2.35104
 2.33241
15.6251
 6.19447
 6.10514
 4.48139
 3.64666
7.71644
 5.11198
 3.96819
 3.87352
 2.89591
6.66427
 5.80666
 5.51049
 5.37568
 3.50504
6.30356
 5.5782
 5.45549
 5.23021
 4.28451
3.36498
 1.85424
 1.34539
 0.942921
 0.743621
3.49011
 2.72746
 2.01157
 1.10471
 1.0555
2.3288
 1.54583
 1.21301
 1.01729
 0.985187
1.53108
 1.51998
 1.34167
 1.28995
 1.24613
5.95663
 3.23296
 3.1962
 3.17761
 2.07157
3.47534
 3.2496
 2.28381
 2.04597
 2.04347
2.01106
 1.90999
 1.34267
 1.34193
 1.27724
1.42804
 1.32859
 1.30953
 1.3051
 1.30015
1.89403
 1.12878
 1.08146
 1.04775
 1.01588
1.83085
 1.12395
 1.10029
 1.07507
 1.03964
1.91545
 1.40521
 1.39116
 1.33181
 1.32559
5.75895
 4.71556
 4.34268
 3.56778
 2.81525
2.28304
 2.26741
 2.22979
 1.89348
 1.62306
2.148
 1.4894
 1.48054
 1.44401
 1.43452
2.12833
 1.48459
 1.47275
 1.43876
 1.42871
2.44288
 1.94936
 1.40226
 1.35808
 1.34308
2.40383
 1.71952
 1.67448
 1.65052
 1.22763
3.0355
 1.59849
 1.53129
 1.52865
 1.33726
1.5796
 1.57749
 1.5419
 1.17232
 0.936987
1.43909
 1.17408
 1.06592
 0.997952
 0.983337
1.98621
 1.41351
 1.39055
 1.36877
 1.35722
5.06301
 3.09755
 2.81233
 2.76526
 2.62937
2.9806
 2.85258
 2.43466
 2.17172
 1.99627
7.19777
 5.38287
 5.19268
 4.92158
 2.13839
1.20455
 1.20455
 1.1797
 1.1797
 0.942712
1.49013
 1.45655
 1.43974
 1.38844
 1.38766
2.09695
 1.44503
 1.44435
 1.40971
 1.26189
1.38531
 1.06204
 1.06204
 0.745302
 0.745302
1.23783
 1.23783
 1.22261
 0.964556
 0.964556
1.23783
 1.23783
 1.22261
 0.964556
 0.964556
8.88547
 8.16605
 6.73039
 3.36584
 2.86691
4.93824
 4.55246
 3.96784
 3.95955
 3.82049
2.37541
 2.33096
 2.27285
 2.26334
 1.93846
1.58186
 1.50123
 1.49693
 1.48728
 1.46906
4.44739
 4.04955
 3.18629
 3.14923
 2.69503
8.88662
 7.26131
 4.27878
 2.90378
 2.73955
2.55212
 2.13337
 2.01631
 1.95186
 1.93328
1.769
 1.59705
 1.10686
 1.05593
 1.00547
1.91593
 1.87983
 1.40261
 1.38249
 1.32879
1.15988
 1.15988
 1.1221
 1.1221
 1.10176
2.45179
 0.956759
 0.942999
 0.93472
 0.915446
8.56299
 8.37285
 5.89813
 4.97517
 3.75324
2.27324
 1.72559
 1.69715
 1.68537
 1.66531
2.33206
 1.75257
 1.6988
 1.69636
 1.46202
5.65589
 4.38748
 3.66485
 3.3045
 2.87205
2.29024
 1.43345
 1.40867
 1.40465
 1.12125
3.2614
 2.53023
 2.18815
 2.17855
 1.89173
5.82286
 5.31933
 3.71904
 3.58115
 2.3694
1.41724
 1.40998
 1.38263
 1.3586
 1.3417
2.97793
 2.22203
 2.02498
 1.57463
 1.56417
1.14073
 1.14073
 1.09733
 1.09733
 1.06806
1.70152
 1.67302
 1.65442
 1.65041
 1.6233
4.60613
 2.95875
 2.89935
 2.26743
 2.16524
1.0616
 1.05037
 1.05037
 1.04555
 1.04555
4.84765
 4.64727
 4.43648
 4.19079
 3.87656
3.91234
 3.73158
 3.40968
 2.77459
 2.55526
11.3253
 6.94737
 3.95315
 3.74979
 3.46342
11.8548
 7.41449
 4.08258
 3.4965
 3.47676
4.38089
 4.15242
 3.74683
 2.52357
 2.34911
2.31842
 1.97739
 1.95465
 1.73254
 1.46273
2.39961
 1.75593
 1.74663
 1.72964
 1.58737
2.24026
 1.83387
 1.82655
 1.28999
 1.25512
2.29727
 1.66332
 1.64687
 1.25118
 1.15859
1.5307
 1.03851
 1.02899
 1.02755
 1.01793
1.74234
 1.52314
 1.03051
 1.02545
 1.02387
8.79617
 1.17027
 1.16832
 1.13023
 1.11528
1.86548
 1.80746
 1.75467
 1.46816
 1.39262
2.83826
 2.31509
 1.79486
 1.75308
 1.67403
15.9698
 12.9416
 9.76648
 9.03169
 4.80867
1.78134
 1.7326
 1.12913
 1.08227
 1.05379
1.64554
 1.64484
 1.15711
 0.92746
 0.921667
1.81033
 1.20577
 0.984994
 0.974574
 0.963183
1.81033
 1.20577
 0.984994
 0.974574
 0.963183
1.84891
 1.13873
 1.09475
 1.06457
 1.04292
1.15988
 1.15988
 1.1221
 1.1221
 1.10176
4.33467
 4.33016
 4.23536
 2.5788
 2.3405
4.81746
 3.09732
 3.07173
 2.06298
 1.92933
13.0787
 3.8501
 3.29575
 2.33113
 2.29494
13.0787
 3.8501
 3.29575
 2.33113
 2.29494
4.10091
 3.21759
 2.98068
 1.8374
 0.887486
2.66879
 1.94492
 1.4097
 1.38567
 1.35946
3.59257
 3.05014
 2.29265
 2.02402
 1.92819
2.89794
 2.67879
 1.94999
 1.40718
 1.3971
2.24026
 1.83387
 1.82655
 1.28999
 1.25512
10.9415
 3.97488
 3.80943
 2.76897
 2.28159
1.71167
 1.67991
 1.56175
 1.52491
 1.5222
2.03151
 1.3845
 1.34783
 1.33054
 1.3075
1.23783
 1.23783
 1.22261
 0.964556
 0.964556
4.80185
 4.62362
 3.66726
 3.0492
 2.7076
1.14302
 1.14302
 1.10031
 1.10031
 1.07214
12.9585
 2.52121
 1.97196
 1.92761
 1.40778
8.8229
 4.05708
 3.99567
 3.96198
 2.9563
2.69929
 1.69866
 1.585
 1.09567
 1.07668
1.1403
 1.1403
 1.09677
 1.09677
 1.06729
2.29375
 1.63455
 1.62076
 1.00071
 0.984218
3.66425
 3.29637
 2.82289
 2.69069
 2.16253
4.75528
 2.89862
 2.89451
 2.71619
 2.69481
2.53196
 1.81123
 1.68759
 1.55448
 1.48265
2.97694
 1.99801
 1.5846
 1.51773
 1.51004
4.07616
 3.195
 2.95969
 1.82988
 0.886146
2.32151
 1.59655
 1.58479
 1.54394
 1.38312
4.35627
 4.22686
 4.15363
 3.28929
 2.93604
2.6021
 1.89639
 1.41082
 1.3525
 1.30252
2.46764
 1.78811
 1.76917
 1.39343
 1.33151
3.54932
 2.94329
 2.41246
 1.77563
 1.4711
3.36498
 1.85424
 1.34539
 0.942921
 0.743621
4.17905
 2.44976
 2.04259
 1.99295
 1.77884
2.84587
 2.16712
 2.14611
 1.06091
 0.983384
2.36654
 1.2174
 1.21459
 1.01969
 0.987737
2.3288
 1.54583
 1.21301
 1.01729
 0.985187
2.3288
 1.54583
 1.21301
 1.01729
 0.985187
1.8627
 1.86212
 1.85093
 1.39957
 1.29494
2.1105
 1.6027
 1.44172
 1.4319
 1.42383
1.94576
 1.93261
 1.92998
 1.42709
 1.32955
1.65266
 1.57997
 1.5564
 1.53897
 1.08311
1.89208
 1.88609
 1.88036
 1.40948
 1.30738
1.8627
 1.86212
 1.85093
 1.39957
 1.29494
1.14026
 1.14026
 1.0967
 1.0967
 1.06719
2.6628
 1.5954
 1.5427
 1.17836
 0.968573
2.3
 1.58882
 1.56823
 1.54157
 1.08697
2.67704
 1.59966
 1.55159
 1.17981
 0.969842
2.71719
 1.61917
 1.567
 1.10361
 0.896545
2.308
 1.59203
 1.57531
 1.54856
 1.08884
2.24005
 2.22229
 1.23284
 0.971792
 0.943367
4.44586
 4.33449
 4.02914
 3.28156
 2.20667
9.25991
 7.11299
 3.51602
 3.26348
 2.54223
4.40652
 3.0021
 2.72404
 2.64834
 2.6174
10.1711
 6.4181
 6.39805
 6.1071
 3.69067
1.70354
 1.70041
 1.17003
 0.960649
 0.935368
2.26213
 2.25113
 1.51467
 1.19278
 1.00425
1.89041
 1.6251
 1.50659
 1.47698
 1.05746
1.1403
 1.1403
 1.09677
 1.09677
 1.06729
3.89418
 3.6301
 3.42676
 3.40926
 2.0244
1.29898
 1.06214
 1.03796
 1.03456
 1.03181
2.55212
 2.13337
 2.01631
 1.95186
 1.93328
1.769
 1.59705
 1.10686
 1.05593
 1.00547
1.91593
 1.87983
 1.40261
 1.38249
 1.32879
1.91545
 1.40521
 1.39116
 1.33181
 1.32559
5.75895
 4.71556
 4.34268
 3.56778
 2.81525
3.59257
 3.05014
 2.29265
 2.02402
 1.92819
4.35627
 4.22686
 4.15363
 3.28929
 2.93604
3.2614
 2.53023
 2.18815
 2.17855
 1.89173
2.89794
 2.67879
 1.94999
 1.40718
 1.3971
5.82286
 5.31933
 3.71904
 3.58115
 2.3694
3.0355
 1.59849
 1.53129
 1.52865
 1.33726
1.43909
 1.17408
 1.06592
 0.997952
 0.983337
2.39961
 1.75593
 1.74663
 1.72964
 1.58737
3.73191
 2.25981
 2.02835
 1.95382
 1.85043
2.20747
 1.57839
 1.51645
 1.50399
 0.989763
4.10091
 3.21759
 2.98068
 1.8374
 0.887486
2.97694
 1.99801
 1.5846
 1.51773
 1.51004
2.66879
 1.94492
 1.4097
 1.38567
 1.35946
2.27324
 1.72559
 1.69715
 1.68537
 1.66531
2.33206
 1.75257
 1.6988
 1.69636
 1.46202
2.46764
 1.78811
 1.76917
 1.39343
 1.33151
5.65589
 4.38748
 3.66485
 3.3045
 2.87205
2.6021
 1.89639
 1.41082
 1.3525
 1.30252
2.148
 1.4894
 1.48054
 1.44401
 1.43452
2.12833
 1.48459
 1.47275
 1.43876
 1.42871
2.40383
 1.71952
 1.67448
 1.65052
 1.22763
1.5796
 1.57749
 1.5419
 1.17232
 0.936987
1.14073
 1.14073
 1.09733
 1.09733
 1.06806
2.3502
 2.16893
 2.1653
 1.69395
 1.2587
2.43973
 1.59693
 1.59557
 1.57529
 1.5438
8.60754
 6.90738
 5.07132
 3.66688
 3.32226
2.3
 1.58882
 1.56823
 1.54157
 1.08697
2.67704
 1.59966
 1.55159
 1.17981
 0.969842
2.71719
 1.61917
 1.567
 1.10361
 0.896545
2.308
 1.59203
 1.57531
 1.54856
 1.08884
2.6628
 1.5954
 1.5427
 1.17836
 0.968573
1.70354
 1.70041
 1.17003
 0.960649
 0.935368
2.26213
 2.25113
 1.51467
 1.19278
 1.00425
3.89418
 3.6301
 3.42676
 3.40926
 2.0244
1.56094
 1.51828
 1.50276
 1.49995
 1.09087
1.81033
 1.20577
 0.984994
 0.974574
 0.963183
1.29898
 1.06214
 1.03796
 1.03456
 1.03181
2.50272
 1.93854
 1.31839
 1.26081
 0.991609
8.8229
 4.05708
 3.99567
 3.96198
 2.9563
4.33467
 4.33016
 4.23536
 2.5788
 2.3405
4.81746
 3.09732
 3.07173
 2.06298
 1.92933
13.0787
 3.8501
 3.29575
 2.33113
 2.29494
3.91234
 3.73158
 3.40968
 2.77459
 2.55526
4.07616
 3.195
 2.95969
 1.82988
 0.886146
11.3253
 6.94737
 3.95315
 3.74979
 3.46342
11.8548
 7.41449
 4.08258
 3.4965
 3.47676
1.15988
 1.15988
 1.1221
 1.1221
 1.10176
8.56299
 8.37285
 5.89813
 4.97517
 3.75324
3.54932
 2.94329
 2.41246
 1.77563
 1.4711
2.24026
 1.83387
 1.82655
 1.28999
 1.25512
2.29727
 1.66332
 1.64687
 1.25118
 1.15859
2.24026
 1.83387
 1.82655
 1.28999
 1.25512
1.5307
 1.03851
 1.02899
 1.02755
 1.01793
1.74234
 1.52314
 1.03051
 1.02545
 1.02387
1.70152
 1.67302
 1.65442
 1.65041
 1.6233
2.81868
 2.15062
 0.962223
 0.95847
 0.940861
2.74937
 2.41563
 0.957062
 0.95216
 0.935485
9.25991
 7.11299
 3.51602
 3.26348
 2.54223
4.40652
 3.0021
 2.72404
 2.64834
 2.6174
2.253
 1.51209
 1.38365
 1.12594
 1.07831
1.89041
 1.6251
 1.50659
 1.47698
 1.05746
2.84587
 2.16712
 2.14611
 1.06091
 0.983384
2.83826
 2.31509
 1.79486
 1.75308
 1.67403
2.3288
 1.54583
 1.21301
 1.01729
 0.985187
2.36654
 1.2174
 1.21459
 1.01969
 0.987737
2.3288
 1.54583
 1.21301
 1.01729
 0.985187
1.8627
 1.86212
 1.85093
 1.39957
 1.29494
1.8627
 1.86212
 1.85093
 1.39957
 1.29494
6.76178
 3.70952
 2.80397
 2.79606
 1.89832
3.80378
 3.5257
 3.46605
 2.19305
 2.10641
3.17803
 1.80885
 1.61677
 1.13283
 1.0871
4.45628
 3.41967
 3.24914
 3.18341
 2.72558
1.14207
 1.14207
 1.09909
 1.09909
 1.07049
1.82887
 1.69887
 1.12904
 1.08242
 1.04729
1.99969
 1.02887
 1.02887
 1.01138
 1.01138
1.71714
 1.70253
 1.14001
 1.11425
 1.09644
1.89806
 1.36058
 1.34822
 1.32447
 1.29706
1.53409
 1.04148
 1.0317
 1.03114
 1.02198
3.91325
 3.39859
 3.29759
 2.73492
 2.72105
1.92001
 1.89898
 1.88932
 1.55627
 1.52581
11.2918
 10.7468
 7.79615
 4.30465
 4.07102
2.23594
 1.32491
 1.27289
 1.26503
 1.22888
4.76025
 1.96743
 1.87821
 1.39179
 1.323
1.74151
 1.47007
 1.00702
 0.98096
 0.973572
1.14302
 1.14302
 1.10031
 1.10031
 1.07214
1.73255
 1.39938
 1.07268
 1.02079
 0.946688
2.5461
 0.992849
 0.983106
 0.981946
 0.981581
1.60264
 1.58881
 1.58106
 1.55358
 1.12783
1.78325
 1.78033
 1.71582
 1.16912
 1.16711
2.93843
 2.702
 2.58079
 1.95446
 1.78701
2.30024
 2.02016
 1.52682
 1.40394
 1.34814
2.85819
 2.48667
 2.46162
 2.36828
 1.32346
3.63292
 3.45419
 3.45298
 3.12582
 2.23486
1.14021
 1.14021
 1.09664
 1.09664
 1.06708
3.33225
 3.06813
 2.32065
 2.16214
 1.97106
1.88688
 1.56036
 1.51517
 1.3696
 0.966473
2.17579
 1.55249
 1.53734
 1.18608
 1.1157
9.7222
 4.20421
 3.56365
 2.47566
 2.43502
2.19273
 1.51536
 1.4578
 1.43165
 1.41153
1.54375
 1.49686
 1.4839
 1.47425
 1.46864
1.56506
 1.56148
 1.55318
 1.50048
 1.02529
1.63264
 1.60508
 1.58793
 1.08952
 1.08061
8.79016
 8.56437
 8.36707
 8.29696
 7.67853
5.53391
 3.23527
 2.26646
 2.20923
 1.95108
2.17675
 1.70987
 1.65507
 1.59947
 1.40847
2.11249
 1.90716
 1.80119
 1.64197
 1.60397
12.0641
 9.75724
 5.33184
 3.90969
 3.40878
2.58509
 1.92119
 1.45693
 1.44669
 1.44137
2.69713
 2.02586
 1.52429
 1.49688
 1.46545
6.37153
 6.04283
 5.42584
 5.13059
 4.65989
4.67333
 3.25539
 2.65049
 2.6457
 2.56381
1.87638
 1.62427
 1.5637
 1.55155
 1.10916
1.53111
 1.0389
 1.02932
 1.02799
 1.01847
1.78325
 1.78033
 1.71582
 1.16912
 1.16711
2.23977
 1.77129
 1.75734
 1.21063
 1.18524
1.72895
 1.70794
 1.12739
 1.10022
 1.08008
2.91174
 2.16309
 2.13107
 2.0886
 2.00782
1.2921
 1.2921
 1
 1
 0.707898
14.379
 10.2427
 10.102
 6.06088
 4.51687
2.55161
 0.993649
 0.986009
 0.985863
 0.984062
1.14147
 1.14147
 1.09828
 1.09828
 1.06936
1.81451
 1.1367
 1.09784
 1.09212
 1.06101
2.64445
 2.6373
 2.51541
 2.33756
 2.31245
1.45228
 1.27194
 1.12338
 1.0847
 1.07501
2.16313
 1.68433
 1.6057
 1.56565
 1.2838
2.265
 2.2122
 1.98074
 1.59856
 1.33513
2.35153
 2.28991
 1.77469
 1.74502
 1.71689
1.70898
 1.70421
 1.69948
 1.67326
 1.66367
1.70898
 1.70421
 1.69948
 1.67326
 1.66367
8.01695
 5.42626
 5.40137
 5.39163
 4.6548
2.35683
 1.75576
 1.73413
 1.35773
 1.30743
2.37047
 2.24775
 2.15214
 2.11798
 2.05187
7.21059
 3.93484
 3.32681
 2.90033
 2.87796
2.25209
 1.79339
 1.74525
 1.68805
 1.29051
8.27541
 3.92251
 3.08479
 2.73177
 2.62859
2.05579
 1.662
 1.35354
 1.13072
 1.11974
3.80507
 3.61742
 2.55031
 2.49895
 2.25531
6.8306
 3.69699
 2.14112
 2.06995
 1.98821
5.20315
 1.84953
 1.6994
 1.59138
 1.31527
3.10898
 2.08527
 1.49169
 1.42356
 1.26235
1.70745
 1.70242
 1.3838
 0.945291
 0.921666
2.08923
 1.63783
 1.45751
 1.45294
 1.41743
2.41414
 1.49761
 1.33618
 1.33321
 1.3181
1.32307
 1.31646
 0.998508
 0.997309
 0.986512
1.18089
 1.18089
 0.819113
 0.819113
1.90428
 1.48413
 1.42954
 1.40014
 1.37014
2.24369
 1.59405
 1.57372
 1.51607
 1.49037
1.743
 1.70906
 1.68075
 1.66883
 1.32658
2.10846
 1.68193
 1.52794
 1.50123
 1.48712
2.09606
 1.67375
 1.51836
 1.49173
 1.47935
2.30384
 1.5083
 1.42261
 1.41179
 1.37725
4.62184
 4.30427
 4.25203
 2.89604
 2.74946
2.43725
 1.43913
 0.962234
 0.948058
 0.93646
1.36926
 1.28947
 1.08679
 1.0354
 0.955282
4.74557
 4.73388
 4.44428
 4.18101
 3.79524
1.33033
 1.08948
 1.07067
 1.07067
 0.831206
2.08278
 1.432
 1.38232
 1.33876
 0.947951
2.08278
 1.432
 1.38232
 1.33876
 0.947951
3.44964
 2.7164
 2.67959
 2.14436
 1.60967
4.26268
 3.08605
 2.65325
 2.65061
 2.1138
2.27703
 1.66479
 1.58328
 1.51938
 1.10149
2.27703
 1.66479
 1.58328
 1.51938
 1.10149
2.24228
 1.58593
 1.56758
 1.51309
 1.48908
11.006
 5.00791
 4.76515
 4.59046
 2.8452
1.51617
 1.50519
 1.48251
 1.4757
 1.46457
6.10568
 5.06103
 4.39185
 3.79325
 3.75827
1.141
 1.141
 1.0977
 1.0977
 1.06858
1.14147
 1.14147
 1.09828
 1.09828
 1.06936
10.0552
 6.82609
 5.54727
 3.348
 2.93824
1.98731
 1.98208
 1.44343
 1.44207
 1.42351
1.77756
 1.746
 1.42554
 1.29181
 1.26881
1.14073
 1.14073
 1.09733
 1.09733
 1.06806
2.70567
 2.08062
 1.95045
 1.52116
 1.5199
5.06431
 3.70003
 3.07269
 2.98981
 2.93848
9.35964
 6.53183
 5.90646
 5.35318
 5.27606
2.7147
 1.58703
 1.56903
 1.5612
 1.35078
6.59996
 6.33807
 5.08381
 3.77151
 2.60447
1.62812
 1.59741
 1.24456
 1.14267
 0.933646
2.15898
 2.13539
 1.48397
 1.19327
 1.0109
2.79007
 2.10123
 1.46448
 1.18929
 1.00867
2.35332
 2.00515
 1.42793
 1.1812
 1.00464
12.4686
 12.3858
 4.2564
 3.96165
 3.47476
2.75983
 2.72591
 2.58047
 2.4182
 2.35612
6.30356
 5.5782
 5.45549
 5.23021
 4.28451
7.71644
 5.11198
 3.96819
 3.87352
 2.89591
6.66427
 5.80666
 5.51049
 5.37568
 3.50504
2.00963
 1.69065
 1.46026
 1.36821
 1.2502
2.1148
 1.76093
 1.44738
 1.36875
 0.930473
2.91043
 2.56055
 2.49048
 2.32824
 2.26344
5.03009
 3.67796
 3.07627
 2.70556
 2.62324
1.91629
 1.88054
 1.41228
 1.36154
 1.34452
1.79596
 0.971049
 0.962169
 0.959378
 0.959376
1.66873
 1.66164
 1.3275
 1.25589
 1.22065
12.8044
 5.03868
 3.08897
 3.04561
 2.52933
2.31589
 1.54423
 1.09934
 1.04284
 1.04184
3.06283
 2.08528
 2.05086
 2.02113
 1.53063
1.58701
 1.57659
 1.49178
 1.21959
 0.946699
2.15898
 2.13539
 1.48397
 1.19327
 1.0109
2.35332
 2.00515
 1.42793
 1.1812
 1.00464
2.15898
 2.13539
 1.48397
 1.19327
 1.0109
1.62757
 1.62535
 1.56793
 1.54113
 1.52608
10.8097
 9.78487
 4.82158
 4.11634
 3.80696
1.4545
 1.44376
 1.41877
 1.40731
 1.01264
1.81882
 1.79125
 1.76316
 1.71172
 1.20089
3.12536
 1.96346
 1.91319
 1.40716
 1.35409
3.01412
 2.12423
 1.6736
 1.64544
 1.63959
2.0597
 1.39505
 1.39321
 0.990262
 0.794579
4.53654
 2.40384
 2.364
 1.85601
 1.76265
7.18468
 4.68898
 4.50652
 3.60802
 3.24432
2.37079
 1.76318
 1.69232
 1.65637
 0.935905
4.99908
 3.77173
 3.5837
 3.18933
 3.07183
1.16921
 1.16921
 1.1342
 1.1342
 1.11806
1.75283
 1.12953
 1.11643
 1.08285
 1.0654
1.75758
 1.32695
 1.12551
 1.11508
 1.07798
2.21511
 1.78974
 0.96779
 0.967426
 0.964734
2.17659
 2.04474
 1.57672
 1.51895
 1.12494
1.82523
 1.74585
 1.69486
 1.66983
 1.25383
8.57513
 5.35223
 5.12656
 4.97895
 4.80021
10.7463
 4.88722
 4.5439
 3.76098
 3.6701
2.03013
 1.55418
 1.50128
 1.49355
 1.13628
11.0513
 10.123
 4.6703
 4.2694
 3.61873
1.62051
 1.56159
 1.53921
 1.52742
 1.16617
1.97434
 1.96741
 1.9145
 1.30283
 1.0212
1.81856
 1.81613
 1.79638
 1.22254
 0.985072
1.77073
 1.68523
 1.68284
 1.67209
 1.26172
1.78503
 1.6505
 1.64346
 1.6251
 1.25833
1.4525
 1.43371
 1.36975
 1.36722
 1.35091
4.51103
 3.94931
 2.15808
 2.09016
 1.9146
2.20412
 2.11573
 1.56565
 1.46143
 1.39816
2.13968
 2.05908
 1.97227
 1.49848
 1.40811
1.69443
 1.68667
 1.09205
 1.03613
 1.0251
4.0489
 4.00031
 3.62161
 3.55133
 3.0102
2.24063
 2.07865
 1.69748
 1.67828
 1.23544
1.06992
 1.06992
 1.05443
 1.05443
 1.04492
4.65473
 3.89371
 3.74303
 3.45367
 3.32488
4.28464
 3.21978
 2.63442
 2.35104
 2.33241
5.32771
 5.12711
 3.64829
 3.12848
 3.08595
1.68643
 1.64327
 1.62048
 1.1041
 1.0496
1.96358
 1.95511
 1.37431
 0.967897
 0.766824
2.14093
 1.47407
 1.44714
 1.02063
 0.812473
2.19807
 1.50047
 1.47142
 1.03281
 0.864983
1.96358
 1.95511
 1.37431
 0.967897
 0.766824
2.70567
 2.08062
 1.95045
 1.52116
 1.5199
6.00002
 5.34912
 3.34486
 2.8196
 2.71965
15.6251
 6.19447
 6.10514
 4.48139
 3.64666
15.6251
 6.19447
 6.10514
 4.48139
 3.64666
2.10108
 1.49481
 1.42848
 1.38608
 1.34886
2.10511
 1.46804
 1.39491
 1.36959
 1.32828
1.94001
 1.91544
 1.53229
 1.33027
 1.29772
6.51726
 5.13128
 4.74113
 3.16587
 2.8125
2.10275
 1.52627
 1.40662
 1.40259
 1.39864
2.27409
 1.58901
 1.37982
 0.923617
 0.921622
2.82266
 2.24753
 2.22527
 2.15379
 1.64692
2.1726
 1.49957
 1.44928
 1.41925
 1.40173
2.2986
 1.61884
 1.38643
 0.929216
 0.927181
4.25936
 3.75795
 3.74839
 1.84419
 1.43578
1.57273
 1.56913
 1.56035
 1.50094
 1.02548
1.56506
 1.56148
 1.55318
 1.50048
 1.02529
2.62864
 2.50451
 2.31284
 1.81258
 1.80179
2.0625
 2.01331
 1.40324
 1.35395
 1.3064
16.5742
 10.9684
 9.63667
 7.74143
 7.3228
2.24508
 2.18401
 2.18062
 2.15945
 2.01411
9.10189
 7.56104
 5.44756
 5.35763
 5.19949
1.66153
 1.64307
 1.59147
 1.58563
 1.57627
6.06996
 4.64022
 4.04866
 3.76508
 3.66166
3.09068
 1.91148
 1.83414
 1.65054
 1.30538
2.8846
 2.84493
 2.24519
 2.2167
 1.63476
3.53
 2.95899
 2.47026
 2.11288
 1.95214
2.29505
 2.20308
 1.99106
 1.79994
 1.49143
1.43909
 1.17408
 1.06592
 0.997952
 0.983337
2.57002
 1.96694
 1.42158
 1.38687
 1.37647
3.78788
 3.07869
 2.78545
 2.41406
 2.39698
1.98378
 1.90691
 1.32501
 1.29183
 1.25725
2.81063
 2.16848
 2.09258
 1.46415
 1.43836
2.32246
 1.76514
 1.31702
 1.30553
 1.29386
3.23525
 3.09757
 2.88439
 2.81655
 2.43794
4.56393
 3.3119
 2.67923
 2.10703
 1.92217
2.90629
 1.67208
 1.66402
 1.61597
 1.55323
1.72912
 1.71266
 1.42569
 0.962544
 0.946921
2.14751
 1.48209
 1.46315
 1.41107
 1.41071
1.71552
 1.6653
 1.63814
 1.41991
 1.33469
1.63774
 1.61632
 0.922686
 0.918476
 0.898394
1.38663
 1.38663
 1.37087
 1.37087
 0.790904
2.40092
 1.81634
 1.77184
 1.36512
 1.26115
2.42577
 1.83683
 1.78966
 1.37066
 1.26978
3.65556
 1.94796
 1.89341
 1.88615
 1.42807
2.67932
 1.5298
 1.523
 1.51275
 1.49855
2.37205
 1.39109
 1.33755
 1.33698
 1.32732
1.77071
 1.44222
 1.4122
 0.807168
 0.780892
1.4925
 1.37987
 1.33778
 1.32209
 1.1935
1.4925
 1.37987
 1.33778
 1.32209
 1.1935
1.3867
 1.3856
 1.3369
 1.33651
 1.30716
1.91784
 1.55806
 0.857112
 0.84809
 0.835113
8.79617
 1.17027
 1.16832
 1.13023
 1.11528
1.86548
 1.80746
 1.75467
 1.46816
 1.39262
